7049 
2734 
6313 
2876 
140 
6324 
3173 
8159 
2683 
4936 
5725 
7014 
1789 
812 
4454 
2718 
5881 
1219 
5436 
9218 
1255 
6408 
5441 
9353 
4900 
4753 
784 
3698 
2320 
5142 
1280 
7083 
3652 
1078 
1629 
6499 
7898 
5643 
4800 
2053 
7940 
6777 
5397 
8165 
2845 
9310 
3739 
3427 
5010 
7723 
918 
7316 
9943 
816 
4562 
5634 
4557 
5499 
912 
7154 
5569 
2802 
8149 
2413 
7653 
9035 
6321 
3092 
5972 
3676 
1726 
9118 
8562 
3557 
8520 
2423 
7923 
6318 
3011 
3785 
4669 
8523 
2504 
103 
5325 
6221 
392 
3121 
6755 
4803 
2134 
120 
5784 
8607 
4772 
1297 
7542 
6038 
5458 
9812 
7286 
9133 
8967 
4485 
3555 
8466 
965 
8585 
4178 
5273 
4817 
2512 
319 
1150 
3573 
8952 
4080 
2627 
3424 
4929 
5536 
1911 
4106 
3329 
2364 
6330 
3335 
2526 
697 
1349 
8946 
3918 
8260 
5410 
8516 
2315 
5007 
7642 
8738 
8309 
6733 
4209 
6110 
7402 
2258 
3468 
6117 
7591 
7361 
1151 
3600 
9681 
3749 
3697 
2293 
4413 
1611 
6013 
4783 
1594 
5554 
2397 
7221 
7378 
1610 
5986 
4054 
1925 
4484 
3528 
7737 
1296 
7515 
5309 
5789 
8742 
8417 
9649 
2885 
383 
2878 
194 
7782 
2511 
292 
421 
3904 
7882 
5211 
3143 
7349 
827 
4859 
3646 
916 
7262 
8485 
1478 
2422 
7896 
5589 
3342 
2715 
5800 
9039 
6429 
6008 
4648 
7956 
7209 
7054 
2869 
9958 
1221 
5490 
669 
593 
8548 
3179 
8321 
7057 
2950 
2138 
228 
8700 
7283 
9052 
6780 
5478 
345 
1852 
2513 
346 
1879 
3242 
15 
2949 
2111 
9506 
9031 
6213 
176 
7296 
9403 
6250 
1175 
4248 
7163 
5812 
9363 
5170 
2036 
7481 
4391 
1017 
9989 
2058 
8075 
415 
3742 
3508 
7197 
6730 
4128 
3923 
8395 
9055 
6861 
7665 
9359 
5062 
9127 
8805 
111 
5541 
2046 
7751 
1674 
7714 
675 
755 
2915 
1193 
4734 
271 
9861 
8609 
4826 
2755 
6880 
8178 
3196 
8780 
9443 
7330 
314 
1015 
9935 
600 
8737 
8282 
6004 
4540 
5040 
8533 
2774 
7393 
2015 
6914 
9096 
7968 
7533 
5795 
8904 
2784 
7663 
9305 
3604 
9789 
6665 
2373 
6573 
9896 
9554 
320 
1177 
4302 
8621 
5150 
1496 
2908 
1004 
9638 
2588 
2371 
6519 
8438 
209 
8187 
3439 
5334 
6464 
6953 
142 
6378 
4631 
7497 
4823 
2674 
4693 
9171 
9993 
2166 
984 
9098 
8022 
8991 
5133 
1037 
522 
6631 
1455 
1801 
1136 
3195 
8753 
8714 
7661 
9251 
2146 
444 
4525 
4635 
7605 
7739 
1350 
8973 
4647 
7929 
6480 
7385 
1799 
1082 
1737 
9415 
6574 
9923 
276 
9996 
2247 
3171 
8105 
1225 
5598 
3585 
9276 
2821 
8662 
6257 
1364 
9351 
4846 
3295 
1446 
1558 
4582 
6174 
9130 
8886 
2298 
4548 
5256 
4358 
126 
5946 
2974 
2786 
7717 
756 
2942 
1922 
4403 
1341 
8730 
8093 
901 
6857 
7557 
6443 
6386 
4847 
3322 
2175 
1227 
5652 
5043 
8614 
4961 
6400 
5225 
3521 
7548 
6200 
9832 
7826 
3699 
2347 
5871 
949 
8153 
2521 
562 
7711 
594 
8575 
3908 
7990 
8127 
1819 
1622 
6310 
2795 
7960 
7317 
9970 
1545 
4231 
6704 
3426 
4983 
6994 
1249 
6246 
1067 
1332 
8487 
1532 
3880 
7234 
7729 
1080 
1683 
7957 
7236 
7783 
2538 
1021 
90 
4974 
6751 
4695 
9225 
1444 
1504 
3124 
6836 
6990 
1141 
3330 
2391 
7059 
3004 
3596 
9573 
833 
5021 
8020 
8937 
3675 
1699 
8389 
8893 
2487 
9651 
2939 
1841 
2216 
2334 
5520 
1479 
2449 
8625 
5258 
4412 
1584 
5284 
5114 
524 
6685 
2913 
1139 
3276 
933 
7721 
864 
5858 
598 
8683 
6824 
6666 
2400 
7302 
9565 
617 
9196 
661 
377 
2716 
5827 
9768 
6098 
7078 
3517 
7440 
3284 
1149 
3546 
8223 
4411 
1557 
4555 
5445 
9461 
7816 
3429 
5064 
9181 
256 
9456 
7681 
9791 
6719 
3831 
5911 
2029 
7292 
9295 
3334 
2499 
9975 
1680 
7876 
5049 
8776 
9335 
4414 
1638 
6742 
4452 
2664 
4423 
1881 
3296 
1473 
2287 
4251 
7244 
7999 
8370 
8380 
8650 
5933 
2623 
3316 
2013 
6860 
7638 
8630 
5393 
8057 
9936 
627 
9466 
7951 
7074 
3409 
4524 
4608 
6876 
8070 
280 
97 
5163 
1847 
2378 
6708 
3534 
7899 
5670 
5529 
1722 
9010 
5646 
4881 
4240 
6947 
9987 
2004 
6617 
1077 
1602 
5770 
8229 
4573 
5931 
2569 
1858 
2675 
4720 
9900 
9662 
3236 
9860 
8582 
4097 
3086 
5810 
9309 
3712 
2698 
5341 
6653 
2049 
7832 
3861 
6721 
3885 
7369 
1367 
9432 
7033 
2302 
4656 
8172 
3034 
4406 
1422 
910 
7100 
4111 
3464 
6009 
4675 
8685 
6878 
8124 
1738 
9442 
7303 
9592 
1346 
8865 
1731 
9253 
2200 
1902 
3863 
6775 
5343 
6707 
3507 
7170 
6001 
4459 
2853 
9526 
9571 
779 
3563 
8682 
6797 
5937 
2731 
6232 
689 
1133 
3114 
6566 
9707 
4451 
2637 
3694 
2212 
2226 
2604 
2803 
8176 
3142 
7322 
98 
5190 
2576 
2047 
7778 
2403 
7383 
1745 
9631 
2399 
7275 
8836 
948 
8126 
1792 
893 
6641 
1725 
9091 
7833 
3888 
7450 
3554 
8439 
236 
8916 
3108 
6404 
5333 
6437 
6224 
473 
5308 
5762 
8013 
8748 
8579 
4016 
899 
6803 
6099 
7105 
4246 
7109 
4354 
18 
3030 
4298 
8513 
2234 
2820 
8635 
5528 
1695 
8281 
5977 
3811 
5371 
7463 
3905 
7909 
5940 
2812 
8419 
9703 
4343 
9728 
5018 
7939 
6750 
4668 
8496 
1775 
434 
4255 
7352 
908 
7046 
2653 
4126 
3869 
6937 
9717 
4721 
9927 
384 
2905 
923 
7451 
3581 
9168 
9912 
9986 
1977 
5888 
1408 
532 
6901 
8745 
8498 
1829 
1892 
3593 
9492 
8653 
6014 
4810 
2323 
5223 
3467 
6090 
6862 
7692 
81 
4731 
190 
7674 
9602 
1616 
6148 
8428 
9946 
897 
6749 
4641 
7767 
2106 
9371 
5386 
7868 
4833 
2944 
1976 
5861 
679 
863 
5831 
9876 
9014 
5754 
7797 
2916 
1220 
5463 
9947 
924 
7478 
4310 
8837 
975 
8855 
1461 
1963 
5510 
1209 
5166 
1928 
4565 
5715 
6744 
4506 
4122 
3761 
4021 
1034 
441 
4444 
2448 
8598 
4529 
4743 
514 
6415 
5630 
4449 
2583 
2236 
2874 
86 
4866 
3835 
6019 
4945 
5968 
3568 
8817 
435 
4282 
8081 
577 
8116 
1522 
3610 
9951 
1032 
387 
2986 
3110 
6458 
6791 
5775 
8364 
8218 
4276 
7919 
6210 
95 
5109 
389 
3040 
4568 
5796 
8931 
3513 
7332 
368 
2473 
9273 
2740 
6475 
7250 
8161 
2737 
6394 
5063 
9154 
9534 
9787 
6611 
915 
7235 
7756 
1809 
1352 
9027 
6105 
7267 
8620 
5123 
767 
3239 
9941 
762 
3104 
6296 
2417 
7761 
1944 
4997 
7372 
1448 
1612 
6040 
5512 
1263 
6624 
1266 
6705 
3453 
5712 
6663 
2319 
5115 
551 
7414 
2582 
2209 
2145 
417 
3796 
4966 
6535 
8870 
1866 
2891 
545 
7252 
8215 
4195 
5732 
7203 
6892 
8502 
1937 
4808 
2269 
3765 
4129 
3950 
9124 
8724 
7931 
6534 
8843 
1137 
3222 
9482 
8383 
8731 
8120 
1630 
6526 
8627 
5312 
5870 
922 
7424 
2852 
9499 
8842 
1110 
2493 
9813 
7313 
9862 
8636 
5555 
2424 
7950 
7047 
2680 
4855 
3538 
8007 
8586 
4205 
6002 
4486 
3582 
9195 
634 
9655 
3047 
4757 
892 
6614 
996 
9422 
6763 
5019 
7966 
7479 
4337 
9566 
644 
9925 
330 
1447 
1585 
5311 
5843 
193 
7755 
1782 
623 
9358 
5035 
8398 
9136 
9048 
6672 
2562 
1669 
7579 
7037 
2410 
7572 
6848 
7314 
9889 
9365 
5224 
3494 
6819 
6531 
8762 
8957 
4215 
6272 
1769 
272 
9888 
9338 
4495 
3825 
5749 
7662 
9278 
2875 
113 
5595 
3504 
7089 
3814 
5452 
9650 
2912 
1112 
2547 
1264 
6651 
1995 
6374 
4523 
4581 
6147 
8401 
9217 
1228 
5679 
5772 
8283 
6031 
5269 
4709 
9603 
1643 
6877 
8097 
1009 
9773 
6233 
716 
1862 
2783 
7636 
8576 
3935 
8719 
7796 
2889 
491 
5794 
8877 
2055 
7994 
8235 
4735 
298 
583 
8278 
5896 
1624 
6364 
4253 
7298 
9457 
7708 
513 
6388 
4901 
4780 
1513 
3367 
3390 
4011 
764 
3158 
7754 
1755 
9901 
9689 
3965 
9529 
9652 
2966 
2570 
1885 
3404 
4389 
963 
8531 
2720 
5935 
2677 
4774 
1351 
9000 
5376 
7598 
7550 
6254 
1283 
7164 
5839 
85 
4839 
3106 
6350 
3875 
7099 
4084 
2735 
6340 
3605 
9816 
7394 
2042 
7643 
8765 
9038 
6402 
5279 
4979 
6886 
8340 
7570 
6794 
5856 
544 
7225 
7486 
4526 
4662 
8334 
7408 
2420 
7842 
4131 
4004 
575 
8062 
64 
4272 
7811 
3294 
1419 
829 
4913 
5104 
254 
9402 
6223 
446 
4579 
6093 
6943 
9879 
9095 
7941 
6804 
6126 
7834 
3915 
8179 
3223 
9509 
9112 
8400 
9190 
499 
6010 
4702 
9414 
6547 
9194 
607 
8926 
3378 
3687 
2023 
7130 
4921 
5320 
6086 
6754 
4776 
1405 
451 
4714 
9738 
5288 
5222 
3440 
5361 
7193 
6622 
1212 
5247 
4115 
3572 
8925 
3351 
2958 
2354 
6060 
6052 
5836 
4 
2652 
4099 
3140 
7268 
8647 
5852 
436 
4309 
8810 
246 
9186 
391 
3094 
6026 
5134 
1064 
1251 
6300 
2525 
670 
620 
9277 
2848 
9391 
5926 
2434 
8220 
4330 
9377 
5548 
2235 
2847 
9364 
5197 
2765 
7150 
5461 
9893 
9473 
8140 
2170 
1092 
2007 
6698 
3264 
609 
8980 
4836 
3025 
4163 
4868 
3889 
7477 
4283 
8108 
1306 
7785 
2592 
2479 
9435 
7114 
4489 
3663 
1375 
9648 
2858 
9661 
3209 
9131 
8913 
3027 
4217 
6326 
3227 
9617 
2021 
7076 
3463 
5982 
3946 
9016 
5808 
9255 
2254 
3360 
3201 
8915 
3081 
5675 
5664 
5367 
7355 
989 
9233 
1660 
7336 
476 
5389 
7949 
7020 
1951 
5186 
2468 
9138 
9102 
8130 
1900 
3809 
5317 
6005 
4567 
5769 
8202 
3844 
6262 
1499 
2989 
3191 
8645 
5798 
8985 
4971 
6670 
2508 
211 
8241 
4897 
4672 
8604 
4691 
9117 
8535 
2828 
8851 
1353 
9054 
6834 
6936 
9690 
3992 
251 
9321 
4036 
1439 
1369 
9486 
8491 
1640 
6796 
5910 
2002 
6563 
9626 
2264 
3630 
484 
5605 
3774 
4372 
504 
6145 
8347 
7759 
1890 
3539 
8034 
9315 
3874 
7072 
3355 
3066 
5270 
4736 
325 
1312 
7947 
6966 
493 
5848 
328 
1393 
127 
5973 
3703 
2455 
8787 
9632 
2426 
8004 
8505 
2018 
6995 
1276 
6975 
736 
2402 
7356 
1016 
9962 
1329 
8406 
9352 
4873 
4024 
1115 
2628 
3451 
5658 
5205 
2981 
2975 
2813 
8446 
425 
4012 
791 
3887 
7423 
2825 
8770 
9173 
40 
3624 
322 
1231 
5760 
7959 
7290 
9241 
1876 
3161 
7835 
3942 
8908 
2892 
572 
7981 
7884 
5265 
4601 
6687 
2967 
2597 
2614 
3073 
5459 
9839 
8015 
8802 
30 
3354 
3039 
4541 
5067 
9262 
2443 
8463 
884 
6398 
5171 
2063 
8210 
4060 
2087 
8858 
1542 
4150 
4517 
4419 
1773 
380 
2797 
8014 
8775 
9308 
3685 
1969 
5672 
5583 
3180 
8348 
7786 
2619 
3208 
9104 
8184 
3358 
3147 
7457 
3743 
3535 
7926 
6399 
5198 
2792 
7879 
5130 
956 
8342 
7624 
8252 
5194 
2684 
4963 
6454 
6683 
2859 
9688 
3938 
8800 
9983 
1896 
3701 
2401 
7329 
287 
286 
259 
9537 
9868 
8798 
9929 
438 
4363 
261 
9591 
1319 
8136 
2062 
8183 
3331 
2418 
7788 
2673 
4666 
8442 
317 
1096 
2115 
9614 
1940 
4889 
4456 
2772 
7339 
557 
7576 
6956 
223 
8565 
3638 
700 
1430 
1126 
2925 
1463 
2017 
6968 
547 
7306 
9673 
3533 
7872 
4941 
5860 
652 
134 
6162 
8806 
138 
6270 
1715 
8821 
543 
7198 
6757 
4857 
3592 
9465 
7924 
6345 
3740 
3454 
5739 
7392 
1988 
6185 
9427 
6898 
8664 
6311 
2822 
8689 
6986 
1033 
414 
3715 
2779 
7528 
5660 
5259 
4439 
2313 
4953 
6184 
9400 
6169 
8995 
5241 
3953 
9205 
904 
6938 
9744 
5450 
9596 
1454 
1774 
407 
3526 
7683 
9845 
8177 
3169 
8051 
9774 
6260 
1445 
1531 
3853 
6505 
8060 
10 
2814 
8473 
1154 
3681 
1861 
2756 
6907 
8907 
2865 
9850 
8312 
6814 
6396 
5117 
605 
8872 
1920 
4349 
9890 
9392 
5953 
3163 
7889 
5400 
8246 
5032 
8317 
6949 
34 
3462 
5955 
3217 
9347 
4738 
379 
2770 
7285 
9106 
8238 
4816 
2485 
9597 
1481 
2503 
76 
4596 
6552 
9329 
4252 
7271 
8728 
8039 
9450 
7519 
5417 
8705 
7418 
2690 
5125 
821 
4697 
9279 
2902 
842 
5264 
4574 
5958 
3298 
1527 
3745 
3589 
9384 
5737 
7338 
530 
6847 
7287 
9160 
9696 
4154 
4625 
7335 
449 
4660 
8280 
5950 
3082 
5702 
6393 
5036 
8425 
9865 
8717 
7742 
1431 
1153 
3654 
1132 
3087 
5837 
31 
3381 
3768 
4210 
6137 
8131 
1927 
4538 
4986 
7075 
3436 
5253 
4277 
7946 
6939 
9771 
6179 
9265 
2524 
643 
9898 
9608 
1778 
515 
6442 
6359 
4118 
3653 
1105 
2358 
6168 
8968 
4512 
4284 
8135 
2035 
7454 
3662 
1348 
8919 
3189 
8591 
4340 
9647 
2831 
8932 
3540 
8061 
37 
3543 
8142 
2224 
2550 
1345 
8838 
1002 
9584 
1130 
3033 
4379 
693 
1241 
6030 
5242 
3980 
9934 
573 
8008 
8613 
4934 
5671 
5556 
2451 
8679 
6716 
3750 
3724 
3022 
4082 
2681 
4882 
4267 
7676 
9656 
3074 
5486 
561 
7684 
9872 
8906 
2838 
9121 
8643 
5744 
7527 
5633 
4530 
4770 
1243 
6084 
6700 
3318 
2067 
8318 
6976 
763 
3131 
7025 
2086 
8831 
813 
4481 
3447 
5550 
2289 
4305 
8702 
7337 
503 
6118 
7618 
8090 
820 
4670 
8550 
3233 
9779 
6395 
5090 
9883 
9203 
850 
5480 
399 
3310 
1851 
2486 
9624 
2210 
2172 
1146 
3465 
6036 
5404 
8354 
7948 
6993 
1222 
5517 
1398 
262 
9618 
2048 
7805 
3132 
7052 
2815 
8500 
1883 
3350 
2931 
1625 
6391 
4982 
6967 
520 
6577 
10004 
2463 
9003 
5457 
9785 
6557 
9464 
7897 
5616 
4071 
2384 
6870 
7908 
5913 
2083 
8750 
8633 
5474 
237 
8943 
3837 
6073 
6403 
5306 
5708 
6555 
9410 
6439 
6278 
1931 
4646 
7902 
5751 
7716 
729 
2213 
2253 
3333 
2472 
9246 
2011 
6806 
6180 
9292 
3253 
312 
961 
8477 
1262 
6597 
537 
7036 
2383 
6843 
7179 
6244 
1013 
9881 
9149 
9399 
6142 
8266 
5572 
2883 
329 
1420 
856 
5642 
4773 
1324 
8271 
5707 
6528 
8681 
6770 
5208 
3062 
5162 
1820 
1649 
7039 
2464 
9030 
6186 
9454 
7627 
8333 
7381 
1691 
8173 
3061 
5135 
1091 
1980 
5969 
3595 
9546 
104 
5352 
6950 
61 
4191 
5624 
4287 
8216 
4222 
6461 
6872 
7962 
7371 
1421 
883 
6371 
4442 
2394 
7140 
5191 
2603 
2776 
7447 
3473 
6252 
1229 
5706 
6501 
7952 
7101 
4138 
4193 
5678 
5745 
7554 
6362 
4199 
5840 
112 
5568 
2775 
7420 
2744 
6583 
159 
6837 
7017 
1870 
2999 
3461 
5928 
2488 
9678 
3668 
1510 
3286 
1203 
5004 
7561 
6551 
9302 
3523 
7602 
7658 
9170 
9966 
1437 
1315 
8028 
9153 
9507 
9058 
6942 
9852 
8366 
8272 
5734 
7257 
8350 
7840 
4077 
2546 
1237 
5922 
2326 
5304 
5654 
5097 
65 
4299 
8540 
2963 
2489 
9705 
4397 
1179 
4356 
72 
4488 
3636 
646 
9979 
1788 
785 
3725 
3049 
4811 
2350 
5952 
3136 
7160 
5731 
7176 
6163 
8833 
867 
5939 
2785 
7690 
27 
3273 
852 
5534 
1857 
2648 
3991 
224 
8592 
4367 
369 
2500 
10002 
2409 
7545 
6119 
7645 
8819 
489 
5740 
7419 
2717 
5854 
490 
5767 
8148 
2386 
6924 
9366 
5251 
4223 
6488 
7601 
7631 
8441 
290 
367 
2446 
8544 
3071 
5405 
8381 
8677 
6662 
2292 
4386 
882 
6344 
3713 
2725 
6070 
6322 
3119 
6701 
3345 
2796 
7987 
8046 
9639 
2615 
3100 
6188 
9508 
9085 
7671 
9521 
9436 
7141 
5218 
3332 
2445 
8517 
2342 
5736 
7311 
9808 
7178 
6217 
284 
205 
8079 
523 
6658 
2184 
1470 
2206 
2064 
8237 
4789 
1756 
9928 
411 
3634 
592 
8521 
2450 
8652 
5987 
4081 
2654 
4153 
4598 
6606 
780 
3590 
9411 
6466 
7007 
1600 
5716 
6771 
5235 
3791 
4831 
2890 
518 
6523 
8546 
3125 
6863 
7719 
810 
4400 
1260 
6543 
9086 
7698 
243 
9105 
8211 
4087 
2816 
8527 
2612 
3019 
4001 
494 
5875 
1057 
1062 
1197 
4842 
3187 
8537 
2882 
302 
691 
1187 
4572 
5904 
1840 
2189 
1605 
5851 
409 
3580 
9141 
9183 
310 
907 
7019 
1924 
4457 
2799 
8068 
226 
8646 
5825 
9714 
4640 
7740 
1377 
9702 
4316 
8999 
5349 
6869 
7881 
5184 
2414 
7680 
9764 
5990 
4162 
4841 
3160 
7808 
3213 
9239 
1822 
1703 
8497 
1802 
1163 
3924 
8422 
9784 
6530 
8735 
8228 
4546 
5202 
2900 
788 
3806 
5236 
3818 
5560 
2559 
1588 
5392 
8030 
9207 
958 
8396 
9082 
7590 
7334 
422 
3931 
8611 
4880 
4213 
6218 
311 
934 
7748 
1593 
5527 
1668 
7552 
6308 
2741 
6502 
7979 
7830 
3807 
5263 
4547 
5229 
3629 
457 
4876 
4105 
3302 
1635 
6661 
2265 
3657 
1213 
5274 
4844 
3241 
9995 
2220 
2442 
8436 
155 
6729 
4101 
3194 
8726 
7985 
7992 
8181 
3277 
960 
8450 
533 
6928 
9474 
8167 
2899 
761 
3077 
5567 
2748 
6691 
3075 
5513 
1290 
7353 
935 
7775 
2322 
5196 
2738 
6421 
5792 
8823 
597 
8656 
6095 
6997 
1330 
8433 
74 
4542 
5094 
9991 
2112 
9533 
9760 
5882 
1246 
6165 
8887 
2325 
5277 
4925 
5428 
9002 
5430 
9056 
6888 
8394 
9028 
6132 
7996 
8289 
6193 
9643 
2723 
6016 
4864 
3781 
4561 
5607 
3828 
5830 
9849 
8285 
6085 
6727 
4047 
1736 
9388 
5845 
247 
9213 
1120 
2763 
7096 
4003 
548 
7333 
395 
3202 
8942 
3810 
5344 
6734 
4236 
6839 
7071 
3328 
2337 
5601 
3666 
1456 
1828 
1865 
2864 
9823 
7583 
7145 
5326 
6248 
1121 
2790 
7825 
3672 
1618 
6202 
9886 
9284 
3037 
4487 
3609 
9924 
303 
718 
1916 
4241 
6974 
709 
1673 
7687 
9953 
1086 
1845 
2324 
5250 
4196 
5759 
7932 
6561 
9572 
806 
4292 
8351 
7867 
4806 
2215 
2307 
4791 
1810 
1379 
9756 
5774 
8337 
7489 
4607 
6849 
7341 
611 
9034 
6294 
2363 
6303 
2606 
2857 
9634 
2480 
9462 
7843 
4158 
4733 
244 
9132 
8940 
3756 
3886 
7396 
2096 
9101 
8103 
1171 
4140 
4247 
7136 
5083 
9694 
4100 
3167 
7997 
8316 
6922 
9312 
3793 
4885 
4348 
9863 
8663 
6284 
2093 
9020 
5916 
2164 
930 
7640 
8684 
6851 
7395 
2069 
8372 
8434 
101 
5271 
4763 
1054 
981 
9017 
5835 
9984 
1923 
4430 
2070 
8399 
9163 
9777 
6341 
3632 
538 
7063 
3112 
6512 
8249 
5113 
497 
5956 
3244 
69 
4407 
1449 
1639 
6769 
5181 
2333 
5493 
750 
2780 
7555 
6389 
4928 
5509 
1182 
4437 
2259 
3495 
6846 
7260 
8431 
20 
3084 
5756 
7851 
4374 
558 
7603 
7685 
9899 
9635 
2507 
184 
7512 
5228 
3602 
9735 
5207 
3035 
4433 
2151 
579 
8170 
2980 
2948 
2084 
8777 
9362 
5143 
1307 
7812 
3321 
2148 
498 
5983 
3973 
9745 
5477 
318 
1123 
2844 
9283 
3010 
3758 
3940 
8854 
1434 
1234 
5841 
139 
6297 
2444 
8490 
1613 
6067 
6241 
932 
7694 
135 
6189 
9535 
9814 
7340 
584 
8305 
6625 
1293 
7434 
3122 
6782 
5532 
1803 
1190 
4653 
8091 
847 
5399 
8219 
4303 
8648 
5879 
1165 
3978 
9880 
9122 
8670 
6473 
7196 
6703 
3399 
4254 
7325 
179 
7377 
1583 
5257 
4385 
855 
5615 
4044 
1655 
7201 
6838 
7044 
2599 
2668 
4531 
4797 
1972 
5753 
7770 
2187 
1551 
4393 
1071 
1440 
1396 
208 
8160 
2710 
5665 
5394 
8084 
658 
296 
529 
6820 
6558 
9491 
8626 
5285 
5141 
1253 
6354 
3983 
8 
2760 
7015 
1816 
1541 
4123 
3788 
4750 
703 
1511 
3313 
1932 
4673 
8631 
5420 
8786 
9605 
1697 
8335 
7435 
3149 
7511 
5201 
2873 
59 
4137 
4166 
4949 
6076 
6484 
7493 
4715 
9765 
6017 
4891 
4510 
4230 
6677 
2697 
5314 
5924 
2380 
6762 
4992 
7237 
7810 
3267 
690 
1160 
3843 
6235 
770 
3320 
2121 
9776 
6314 
2903 
869 
5993 
4243 
7028 
2167 
1011 
9827 
7691 
54 
4002 
521 
6604 
726 
2132 
66 
4326 
9269 
2632 
3559 
8574 
3881 
7261 
8458 
749 
2753 
6826 
6720 
3858 
6640 
1698 
8362 
8164 
2818 
8581 
4070 
2357 
6141 
8239 
4843 
3214 
9266 
2551 
1372 
9567 
671 
647 
10006 
2517 
454 
4795 
1918 
4295 
8432 
47 
3813 
5425 
8921 
3243 
42 
3678 
1780 
569 
7900 
5697 
6258 
1391 
73 
4515 
4365 
315 
1042 
657 
269 
9807 
7151 
5488 
615 
9142 
9210 
1039 
576 
8089 
793 
3941 
8881 
2163 
903 
6911 
9015 
5781 
8526 
2585 
2290 
4332 
9431 
7006 
1573 
4987 
7102 
4165 
4922 
5347 
6815 
6423 
5846 
274 
9942 
789 
3833 
5965 
3487 
6630 
1428 
1072 
1467 
2125 
9884 
9230 
1579 
5149 
1469 
2179 
1335 
8568 
3719 
2887 
437 
4336 
9539 
9922 
249 
9267 
2578 
2101 
9236 
1741 
9523 
9490 
8599 
4556 
5472 
183 
7485 
4499 
3933 
8665 
6338 
3551 
8358 
8056 
9909 
9905 
9797 
6881 
8205 
3925 
8449 
506 
6199 
9805 
7097 
4030 
1277 
7002 
1465 
2071 
8426 
9892 
9446 
7411 
2501 
22 
3138 
7214 
7189 
6514 
8303 
6571 
9842 
8096 
982 
9044 
6564 
9653 
2993 
3299 
1554 
4474 
3258 
447 
4606 
6822 
6612 
942 
7964 
7425 
2879 
221 
8511 
2180 
1362 
9297 
3388 
3957 
9313 
3820 
5614 
4017 
926 
7532 
5768 
8175 
3115 
6593 
429 
4120 
3707 
2563 
1696 
8308 
6706 
3480 
6441 
6332 
3389 
3984 
35 
3489 
6684 
2886 
410 
3607 
9870 
8852 
1380 
9783 
6503 
8006 
8559 
3476 
6333 
3416 
4713 
9711 
4559 
5553 
2370 
6492 
7709 
540 
7117 
4570 
5850 
382 
2851 
9472 
8113 
1441 
1423 
937 
7829 
3780 
4534 
4878 
4159 
4760 
973 
8801 
3 
2625 
3370 
3471 
6198 
9778 
6368 
4361 
207 
8133 
1981 
5996 
4324 
9215 
1174 
4221 
6434 
6143 
8293 
6301 
2552 
1399 
289 
340 
1717 
8875 
2001 
6536 
8897 
2595 
2560 
1615 
6121 
7699 
270 
9834 
7880 
5157 
1685 
8011 
8694 
7121 
4678 
8766 
9065 
7131 
4948 
6049 
5755 
7824 
3645 
889 
6533 
8816 
408 
3553 
8412 
9514 
9247 
2038 
7535 
5849 
355 
2122 
9803 
7043 
2572 
1939 
4862 
3727 
3103 
6269 
1688 
8092 
874 
6128 
7888 
5373 
7517 
5363 
7247 
8080 
550 
7387 
1853 
2540 
1075 
1548 
4312 
8891 
2433 
8193 
3601 
9708 
4478 
3366 
3363 
3282 
1095 
2088 
8885 
2271 
3819 
5587 
3288 
1257 
6462 
6899 
8691 
7040 
2491 
9759 
5855 
517 
6496 
7817 
3456 
5793 
8850 
1326 
8325 
7165 
5866 
814 
4508 
4176 
5219 
3359 
3174 
8186 
3412 
4605 
6795 
5883 
1273 
6894 
8556 
3395 
4146 
4409 
1503 
3097 
6107 
7321 
71 
4461 
2907 
977 
8909 
2919 
1301 
7650 
8954 
4134 
4085 
2762 
7069 
3274 
879 
6263 
1526 
3718 
2860 
9715 
4667 
8469 
1046 
765 
3185 
8483 
1424 
964 
8558 
3449 
5604 
3747 
3643 
835 
5075 
9478 
8275 
5815 
9444 
7357 
1043 
684 
998 
9476 
8221 
4357 
99 
5217 
3305 
1716 
8848 
1272 
6867 
7827 
3726 
3076 
5540 
2019 
7022 
2005 
6644 
1806 
1271 
6840 
7098 
4057 
2006 
6671 
2535 
940 
7910 
5967 
3541 
8088 
766 
3212 
9212 
1093 
2034 
7427 
2933 
1679 
7849 
4320 
9107 
8265 
5545 
2154 
660 
350 
1987 
6158 
8698 
7229 
7594 
7442 
3338 
2607 
2884 
356 
2149 
525 
6712 
3642 
808 
4346 
9809 
7205 
6946 
9960 
1275 
6948 
7 
2733 
6286 
2147 
471 
5254 
4304 
8675 
6608 
834 
5048 
8749 
8606 
4745 
568 
7873 
4968 
6589 
321 
1204 
5031 
8290 
6220 
365 
2392 
7086 
3733 
3265 
636 
9709 
4505 
4095 
3032 
4352 
9971 
1572 
4960 
6373 
4496 
3852 
6478 
7331 
341 
1744 
9604 
1670 
7606 
7766 
2079 
8642 
5717 
6798 
5964 
3460 
5901 
1759 
2 
2598 
2641 
3802 
5128 
902 
6884 
8286 
6112 
7456 
3716 
2806 
8257 
5329 
6329 
3308 
1797 
1028 
279 
70 
4434 
2178 
1308 
7839 
4050 
1817 
1568 
4852 
3457 
5820 
9579 
995 
9395 
6034 
5350 
6896 
8610 
4853 
3484 
6549 
9248 
2065 
8264 
5518 
1425 
991 
9287 
3118 
6674 
2616 
3127 
6917 
9177 
148 
6540 
9005 
5511 
1236 
5895 
1597 
5635 
4584 
6228 
581 
8224 
4438 
2286 
4224 
6515 
8330 
7300 
9511 
9166 
9858 
8528 
2639 
3748 
3670 
1564 
4744 
541 
7144 
5299 
5519 
1452 
1720 
8956 
4188 
5543 
2100 
9209 
1012 
9854 
8420 
9730 
5072 
9397 
6088 
6808 
6234 
743 
2591 
2452 
8706 
7445 
3419 
4794 
1891 
3566 
8763 
8984 
4944 
5941 
2839 
9148 
9372 
5413 
8597 
4502 
4014 
845 
5345 
6761 
4965 
6508 
8141 
2197 
1821 
1676 
7768 
2133 
93 
5055 
8938 
3702 
2428 
8058 
9963 
1356 
9135 
9021 
5943 
2893 
599 
8710 
7553 
6335 
3470 
6171 
9049 
6699 
3291 
1338 
8649 
5906 
1894 
3647 
943 
7991 
8154 
2548 
1291 
7380 
1664 
7444 
3392 
4065 
2222 
2496 
9894 
9500 
8869 
1839 
2162 
876 
6182 
9346 
4711 
9657 
3101 
6215 
230 
8754 
8741 
8390 
8920 
3216 
9320 
4009 
710 
1700 
8416 
9622 
2156 
714 
1808 
1325 
8298 
6436 
6197 
9751 
5639 
4692 
9144 
9264 
2497 
9921 
222 
8538 
2909 
1031 
360 
2257 
3441 
5388 
7922 
6291 
2282 
4116 
3599 
9654 
3020 
4028 
1223 
5544 
2127 
9938 
681 
917 
7289 
9214 
1147 
3492 
6765 
5073 
9424 
6817 
6477 
7304 
9619 
2075 
8534 
2801 
8122 
1684 
7984 
7965 
7452 
3608 
9897 
9581 
1049 
846 
5372 
7490 
4634 
7578 
7010 
1681 
7903 
5778 
8445 
398 
3283 
1122 
2817 
8554 
3341 
2688 
5071 
9370 
5359 
7139 
5164 
1874 
3107 
6377 
4604 
6768 
5154 
1604 
5824 
9687 
3911 
8071 
307 
826 
4832 
2917 
1247 
6192 
9616 
1994 
6347 
3794 
4912 
5077 
9532 
9733 
5153 
1577 
5095 
11 
2841 
9202 
823 
4751 
730 
2240 
2982 
3002 
3542 
8115 
1495 
2881 
275 
9969 
1518 
3502 
7035 
2356 
6114 
7510 
5174 
2144 
390 
3067 
5297 
5465 
10001 
2382 
6816 
6450 
6575 
9950 
1005 
9665 
3317 
2040 
7589 
7307 
9700 
4262 
7541 
6011 
4729 
136 
6216 
257 
9483 
8410 
9460 
7789 
2700 
5395 
8111 
1387 
9972 
1599 
5689 
6042 
5566 
2721 
5962 
3406 
4443 
2421 
7869 
4860 
3673 
1645 
6931 
9555 
347 
1906 
3971 
9691 
4019 
980 
8990 
5106 
308 
853 
5561 
2586 
2317 
5061 
9100 
8076 
442 
4471 
3177 
8267 
5599 
3612 
10005 
2490 
9732 
5126 
848 
5426 
8948 
3972 
9718 
4748 
649 
53 
3975 
9799 
6935 
9663 
3263 
582 
8251 
5167 
1955 
5294 
5384 
7814 
3375 
3606 
9843 
8123 
1711 
8713 
7634 
8522 
2477 
9381 
5656 
5151 
1523 
3637 
673 
701 
1457 
1855 
2594 
2533 
886 
6452 
6629 
1401 
343 
1798 
1055 
1008 
9746 
5504 
1047 
792 
3914 
8152 
2494 
9840 
8042 
9531 
9706 
4424 
1908 
4025 
1142 
3357 
3120 
6728 
4074 
2465 
9057 
6915 
9123 
8697 
7202 
6865 
7773 
2268 
3738 
3400 
4281 
8054 
9855 
8447 
452 
4741 
460 
4957 
6292 
2309 
4845 
3268 
717 
1889 
3512 
7305 
9646 
2804 
8203 
3871 
6991 
1168 
4059 
2060 
8129 
1873 
3080 
5648 
4935 
5698 
6285 
2120 
9749 
5585 
3234 
9806 
7124 
4759 
946 
8072 
334 
1555 
4501 
3987 
116 
5676 
5691 
6096 
7024 
2059 
8102 
1144 
3411 
4578 
6066 
6214 
203 
8025 
9072 
7320 
44 
3732 
3238 
9914 
33 
3435 
5226 
3548 
8277 
5869 
895 
6695 
3183 
8429 
9973 
1626 
6418 
5711 
6636 
1590 
5446 
9488 
8545 
3098 
6134 
8050 
9747 
5531 
1776 
461 
4984 
7021 
1978 
5915 
2137 
201 
7971 
7614 
7982 
7911 
5994 
4270 
7757 
1836 
2081 
8696 
7175 
6136 
8104 
1198 
4869 
3916 
8206 
3952 
9178 
175 
7269 
8674 
6581 
105 
5379 
7679 
9737 
5261 
4493 
3771 
4291 
8324 
7138 
5137 
1145 
3438 
5307 
5735 
7284 
9079 
7509 
5147 
1415 
721 
1997 
6428 
5981 
3919 
8287 
6139 
8185 
3385 
3876 
7126 
4813 
2404 
7410 
2474 
9300 
3469 
6144 
8320 
7030 
2221 
2469 
9165 
9831 
7799 
2970 
2678 
4801 
2080 
8669 
6446 
6467 
7034 
2329 
5385 
7841 
4104 
3275 
906 
6992 
1195 
4788 
1729 
9199 
742 
2564 
1723 
9037 
6375 
4550 
5310 
5816 
9471 
8086 
712 
1754 
9874 
8960 
4296 
8459 
776 
3482 
6495 
7790 
2727 
6124 
7780 
2457 
8841 
1083 
1764 
137 
6243 
986 
9152 
9480 
8329 
7273 
8782 
9497 
8788 
9659 
3155 
7673 
9575 
887 
6479 
7358 
1070 
1413 
667 
539 
7090 
3841 
6181 
9319 
3982 
9988 
2031 
7346 
746 
2672 
4639 
7713 
648 
26 
3246 
123 
5865 
787 
3779 
4507 
4149 
4490 
3690 
2104 
9317 
3928 
8530 
2693 
5206 
3008 
3704 
2482 
9516 
9301 
3496 
6873 
7989 
8100 
1090 
1953 
5240 
3926 
8476 
1235 
5868 
868 
5966 
3514 
7359 
1097 
2142 
336 
1609 
5959 
3325 
2256 
3414 
4659 
8253 
5221 
3413 
4632 
7524 
5552 
2343 
5763 
8040 
9477 
8248 
5086 
9775 
6287 
2174 
1200 
4923 
5374 
7544 
6092 
6916 
9150 
9426 
6871 
7935 
6642 
1752 
9820 
7502 
4958 
6319 
3038 
4514 
4338 
9593 
1373 
9594 
1400 
316 
1069 
1386 
9945 
870 
6020 
4972 
6697 
3237 
9887 
9311 
3766 
4156 
4679 
8793 
9794 
6800 
6018 
4918 
5239 
3899 
7747 
1566 
4798 
1999 
6482 
7439 
3257 
420 
3877 
7153 
5542 
2073 
8480 
1343 
8784 
9551 
239 
8997 
5295 
5411 
8543 
3044 
4676 
8712 
7607 
7793 
2808 
8311 
6787 
5667 
5448 
9542 
10003 
2436 
8274 
5788 
8715 
7688 
9980 
1815 
1514 
3394 
4119 
3680 
1834 
2027 
7238 
7837 
3996 
359 
2230 
2712 
5719 
6852 
7422 
2798 
8041 
9504 
8977 
4755 
838 
5156 
1658 
7282 
9025 
6051 
5809 
9282 
2983 
3029 
4271 
7784 
2565 
1750 
9766 
6044 
5620 
4179 
5300 
5546 
2181 
1389 
19 
3057 
5027 
8182 
3304 
1689 
8119 
1603 
5797 
8958 
4242 
7001 
1438 
1342 
8757 
8822 
570 
7927 
6426 
5927 
2461 
8949 
3999 
440 
4417 
1719 
8929 
3459 
5874 
1030 
333 
1528 
3772 
4318 
9053 
6807 
6207 
14 
2922 
1382 
9837 
7961 
7344 
692 
1214 
5301 
5573 
2910 
1058 
1089 
1926 
4511 
4257 
7406 
2366 
6384 
4793 
1864 
2837 
9094 
7914 
6075 
6457 
6764 
5046 
8695 
7148 
5407 
8435 
128 
6000 
4432 
2124 
9857 
8501 
1910 
4079 
2600 
2695 
5260 
4466 
3042 
4622 
7254 
8269 
5653 
5070 
9343 
4630 
7470 
4094 
3005 
3623 
295 
502 
6091 
6889 
8421 
9757 
5801 
9066 
7158 
5677 
5718 
6825 
6693 
3129 
6971 
628 
9493 
8680 
6743 
4479 
3393 
4092 
2951 
2165 
957 
8369 
8353 
7921 
6264 
1553 
4447 
2529 
778 
3536 
7953 
7128 
4867 
3862 
6748 
4614 
7038 
2437 
8301 
6517 
8384 
8758 
8849 
1299 
7596 
7496 
4796 
1945 
5024 
8101 
1117 
2682 
4909 
4996 
7345 
719 
1943 
4970 
6643 
1779 
542 
7171 
6028 
5188 
2522 
589 
8440 
263 
9645 
2777 
7474 
4202 
5921 
2299 
4575 
5985 
4027 
1196 
4815 
2458 
8868 
1812 
1433 
1207 
5112 
470 
5227 
3575 
9006 
5538 
1965 
5564 
2667 
4504 
4068 
2303 
4683 
8901 
2703 
5476 
291 
394 
3175 
8213 
4141 
4274 
7865 
4752 
757 
2969 
2651 
4072 
2411 
7599 
7577 
6983 
952 
8234 
4708 
9576 
914 
7208 
7027 
2140 
282 
151 
6621 
1185 
4518 
4446 
2502 
49 
3867 
6883 
8259 
5383 
7787 
2646 
3937 
8773 
9254 
2227 
2631 
3532 
7845 
4212 
6191 
9589 
1265 
6678 
2724 
6043 
5593 
3450 
5631 
4476 
3312 
1905 
3944 
8962 
4350 
9917 
114 
5622 
4233 
6758 
4884 
4321 
9134 
8994 
5214 
3224 
9536 
9841 
8069 
253 
9375 
5494 
777 
3509 
7224 
7459 
3797 
4993 
7264 
8539 
2936 
1760 
29 
3327 
2310 
4872 
3997 
386 
2959 
2381 
6789 
5721 
6906 
8880 
2136 
174 
7242 
7945 
6912 
9042 
6510 
8195 
3655 
1159 
3816 
5506 
1101 
2250 
3252 
285 
232 
8808 
192 
7728 
1053 
954 
8288 
6166 
8914 
3054 
4946 
5995 
4297 
8486 
1505 
3151 
7565 
6659 
2211 
2199 
1875 
3134 
7106 
4273 
7838 
4023 
1088 
1899 
3782 
4588 
6336 
3497 
6900 
8718 
7769 
2160 
822 
4724 
1 
2571 
1912 
4133 
4058 
2033 
7400 
2204 
2010 
6779 
5451 
9623 
2183 
1443 
1477 
2395 
7167 
5920 
2272 
3846 
6316 
2957 
2327 
5331 
6383 
4766 
1135 
3168 
8024 
9045 
6591 
375 
2662 
4369 
423 
3958 
9340 
4549 
5283 
5087 
9802 
7016 
1843 
2270 
3792 
4858 
3619 
187 
7593 
7415 
2609 
2938 
1814 
1487 
2665 
4450 
2610 
2965 
2543 
1156 
3735 
3319 
2094 
9047 
6645 
1833 
2000 
6509 
8168 
2926 
1490 
2746 
6637 
1617 
6175 
9157 
9615 
1967 
5618 
4125 
3842 
6208 
41 
3651 
1051 
900 
6830 
6828 
6774 
5316 
5978 
3838 
6100 
7132 
4975 
6778 
5424 
8894 
2514 
373 
2608 
2911 
1085 
1818 
1595 
5581 
3126 
6890 
8448 
479 
5470 
129 
6027 
5161 
1793 
920 
7370 
1394 
154 
6702 
3372 
3525 
7656 
9116 
8508 
2099 
9182 
283 
178 
7350 
854 
5588 
3315 
1986 
6131 
7969 
7560 
6524 
8573 
3854 
6532 
8789 
9686 
3884 
7342 
638 
9763 
5963 
3433 
5172 
2090 
8939 
3729 
3157 
7727 
1026 
225 
8619 
5096 
38 
3570 
8871 
1893 
3620 
214 
8322 
7084 
3679 
1807 
1298 
7569 
6767 
5127 
875 
6155 
8617 
5042 
8587 
4232 
6731 
4155 
4652 
8064 
118 
5730 
7149 
5434 
9164 
9804 
7070 
3301 
1608 
5932 
2596 
2587 
2344 
5790 
8769 
9146 
9318 
3955 
9259 
2362 
6276 
1877 
3188 
8564 
3611 
9978 
1761 
56 
4056 
1979 
5942 
2866 
9877 
9041 
6483 
7466 
3986 
89 
4947 
6022 
5026 
8155 
2575 
2020 
7049 
2734 
6313 
2876 
140 
6324 
3173 
8159 
2683 
4936 
5725 
7014 
1789 
812 
4454 
2718 
5881 
1219 
5436 
9218 
1255 
6408 
5441 
9353 
4900 
4753 
784 
3698 
2320 
5142 
1280 
7083 
3652 
1078 
1629 
6499 
7898 
5643 
4800 
2053 
7940 
6777 
5397 
8165 
2845 
9310 
3739 
3427 
5010 
7723 
918 
7316 
9943 
816 
4562 
5634 
4557 
5499 
912 
7154 
5569 
2802 
8149 
2413 
7653 
9035 
6321 
3092 
5972 
3676 
1726 
9118 
8562 
3557 
8520 
2423 
7923 
6318 
3011 
3785 
4669 
8523 
2504 
103 
5325 
6221 
392 
3121 
6755 
4803 
2134 
120 
5784 
8607 
4772 
1297 
7542 
6038 
5458 
9812 
7286 
9133 
8967 
4485 
3555 
8466 
965 
8585 
4178 
5273 
4817 
2512 
319 
1150 
3573 
8952 
4080 
2627 
3424 
4929 
5536 
1911 
4106 
3329 
2364 
6330 
3335 
2526 
697 
1349 
8946 
3918 
8260 
5410 
8516 
2315 
5007 
7642 
8738 
8309 
6733 
4209 
6110 
7402 
2258 
3468 
6117 
7591 
7361 
1151 
3600 
9681 
3749 
3697 
2293 
4413 
1611 
6013 
4783 
1594 
5554 
2397 
7221 
7378 
1610 
5986 
4054 
1925 
4484 
3528 
7737 
1296 
7515 
5309 
5789 
8742 
8417 
9649 
2885 
383 
2878 
194 
7782 
2511 
292 
421 
3904 
7882 
5211 
3143 
7349 
827 
4859 
3646 
916 
7262 
8485 
1478 
2422 
7896 
5589 
3342 
2715 
5800 
9039 
6429 
6008 
4648 
7956 
7209 
7054 
2869 
9958 
1221 
5490 
669 
593 
8548 
3179 
8321 
7057 
2950 
2138 
228 
8700 
7283 
9052 
6780 
5478 
345 
1852 
2513 
346 
1879 
3242 
15 
2949 
2111 
9506 
9031 
6213 
176 
7296 
9403 
6250 
1175 
4248 
7163 
5812 
9363 
5170 
2036 
7481 
4391 
1017 
9989 
2058 
8075 
415 
3742 
3508 
7197 
6730 
4128 
3923 
8395 
9055 
6861 
7665 
9359 
5062 
9127 
8805 
111 
5541 
2046 
7751 
1674 
7714 
675 
755 
2915 
1193 
4734 
271 
9861 
8609 
4826 
2755 
6880 
8178 
3196 
8780 
9443 
7330 
314 
1015 
9935 
600 
8737 
8282 
6004 
4540 
5040 
8533 
2774 
7393 
2015 
6914 
9096 
7968 
7533 
5795 
8904 
2784 
7663 
9305 
3604 
9789 
6665 
2373 
6573 
9896 
9554 
320 
1177 
4302 
8621 
5150 
1496 
2908 
1004 
9638 
2588 
2371 
6519 
8438 
209 
8187 
3439 
5334 
6464 
6953 
142 
6378 
4631 
7497 
4823 
2674 
4693 
9171 
9993 
2166 
984 
9098 
8022 
8991 
5133 
1037 
522 
6631 
1455 
1801 
1136 
3195 
8753 
8714 
7661 
9251 
2146 
444 
4525 
4635 
7605 
7739 
1350 
8973 
4647 
7929 
6480 
7385 
1799 
1082 
1737 
9415 
6574 
9923 
276 
9996 
2247 
3171 
8105 
1225 
5598 
3585 
9276 
2821 
8662 
6257 
1364 
9351 
4846 
3295 
1446 
1558 
4582 
6174 
9130 
8886 
2298 
4548 
5256 
4358 
126 
5946 
2974 
2786 
7717 
756 
2942 
1922 
4403 
1341 
8730 
8093 
901 
6857 
7557 
6443 
6386 
4847 
3322 
2175 
1227 
5652 
5043 
8614 
4961 
6400 
5225 
3521 
7548 
6200 
9832 
7826 
3699 
2347 
5871 
949 
8153 
2521 
562 
7711 
594 
8575 
3908 
7990 
8127 
1819 
1622 
6310 
2795 
7960 
7317 
9970 
1545 
4231 
6704 
3426 
4983 
6994 
1249 
6246 
1067 
1332 
8487 
1532 
3880 
7234 
7729 
1080 
1683 
7957 
7236 
7783 
2538 
1021 
90 
4974 
6751 
4695 
9225 
1444 
1504 
3124 
6836 
6990 
1141 
3330 
2391 
7059 
3004 
3596 
9573 
833 
5021 
8020 
8937 
3675 
1699 
8389 
8893 
2487 
9651 
2939 
1841 
2216 
2334 
5520 
1479 
2449 
8625 
5258 
4412 
1584 
5284 
5114 
524 
6685 
2913 
1139 
3276 
933 
7721 
864 
5858 
598 
8683 
6824 
6666 
2400 
7302 
9565 
617 
9196 
661 
377 
2716 
5827 
9768 
6098 
7078 
3517 
7440 
3284 
1149 
3546 
8223 
4411 
1557 
4555 
5445 
9461 
7816 
3429 
5064 
9181 
256 
9456 
7681 
9791 
6719 
3831 
5911 
2029 
7292 
9295 
3334 
2499 
9975 
1680 
7876 
5049 
8776 
9335 
4414 
1638 
6742 
4452 
2664 
4423 
1881 
3296 
1473 
2287 
4251 
7244 
7999 
8370 
8380 
8650 
5933 
2623 
3316 
2013 
6860 
7638 
8630 
5393 
8057 
9936 
627 
9466 
7951 
7074 
3409 
4524 
4608 
6876 
8070 
280 
97 
5163 
1847 
2378 
6708 
3534 
7899 
5670 
5529 
1722 
9010 
5646 
4881 
4240 
6947 
9987 
2004 
6617 
1077 
1602 
5770 
8229 
4573 
5931 
2569 
1858 
2675 
4720 
9900 
9662 
3236 
9860 
8582 
4097 
3086 
5810 
9309 
3712 
2698 
5341 
6653 
2049 
7832 
3861 
6721 
3885 
7369 
1367 
9432 
7033 
2302 
4656 
8172 
3034 
4406 
1422 
910 
7100 
4111 
3464 
6009 
4675 
8685 
6878 
8124 
1738 
9442 
7303 
9592 
1346 
8865 
1731 
9253 
2200 
1902 
3863 
6775 
5343 
6707 
3507 
7170 
6001 
4459 
2853 
9526 
9571 
779 
3563 
8682 
6797 
5937 
2731 
6232 
689 
1133 
3114 
6566 
9707 
4451 
2637 
3694 
2212 
2226 
2604 
2803 
8176 
3142 
7322 
98 
5190 
2576 
2047 
7778 
2403 
7383 
1745 
9631 
2399 
7275 
8836 
948 
8126 
1792 
893 
6641 
1725 
9091 
7833 
3888 
7450 
3554 
8439 
236 
8916 
3108 
6404 
5333 
6437 
6224 
473 
5308 
5762 
8013 
8748 
8579 
4016 
899 
6803 
6099 
7105 
4246 
7109 
4354 
18 
3030 
4298 
8513 
2234 
2820 
8635 
5528 
1695 
8281 
5977 
3811 
5371 
7463 
3905 
7909 
5940 
2812 
8419 
9703 
4343 
9728 
5018 
7939 
6750 
4668 
8496 
1775 
434 
4255 
7352 
908 
7046 
2653 
4126 
3869 
6937 
9717 
4721 
9927 
384 
2905 
923 
7451 
3581 
9168 
9912 
9986 
1977 
5888 
1408 
532 
6901 
8745 
8498 
1829 
1892 
3593 
9492 
8653 
6014 
4810 
2323 
5223 
3467 
6090 
6862 
7692 
81 
4731 
190 
7674 
9602 
1616 
6148 
8428 
9946 
897 
6749 
4641 
7767 
2106 
9371 
5386 
7868 
4833 
2944 
1976 
5861 
679 
863 
5831 
9876 
9014 
5754 
7797 
2916 
1220 
5463 
9947 
924 
7478 
4310 
8837 
975 
8855 
1461 
1963 
5510 
1209 
5166 
1928 
4565 
5715 
6744 
4506 
4122 
3761 
4021 
1034 
441 
4444 
2448 
8598 
4529 
4743 
514 
6415 
5630 
4449 
2583 
2236 
2874 
86 
4866 
3835 
6019 
4945 
5968 
3568 
8817 
435 
4282 
8081 
577 
8116 
1522 
3610 
9951 
1032 
387 
2986 
3110 
6458 
6791 
5775 
8364 
8218 
4276 
7919 
6210 
95 
5109 
389 
3040 
4568 
5796 
8931 
3513 
7332 
368 
2473 
9273 
2740 
6475 
7250 
8161 
2737 
6394 
5063 
9154 
9534 
9787 
6611 
915 
7235 
7756 
1809 
1352 
9027 
6105 
7267 
8620 
5123 
767 
3239 
9941 
762 
3104 
6296 
2417 
7761 
1944 
4997 
7372 
1448 
1612 
6040 
5512 
1263 
6624 
1266 
6705 
3453 
5712 
6663 
2319 
5115 
551 
7414 
2582 
2209 
2145 
417 
3796 
4966 
6535 
8870 
1866 
2891 
545 
7252 
8215 
4195 
5732 
7203 
6892 
8502 
1937 
4808 
2269 
3765 
4129 
3950 
9124 
8724 
7931 
6534 
8843 
1137 
3222 
9482 
8383 
8731 
8120 
1630 
6526 
8627 
5312 
5870 
922 
7424 
2852 
9499 
8842 
1110 
2493 
9813 
7313 
9862 
8636 
5555 
2424 
7950 
7047 
2680 
4855 
3538 
8007 
8586 
4205 
6002 
4486 
3582 
9195 
634 
9655 
3047 
4757 
892 
6614 
996 
9422 
6763 
5019 
7966 
7479 
4337 
9566 
644 
9925 
330 
1447 
1585 
5311 
5843 
193 
7755 
1782 
623 
9358 
5035 
8398 
9136 
9048 
6672 
2562 
1669 
7579 
7037 
2410 
7572 
6848 
7314 
9889 
9365 
5224 
3494 
6819 
6531 
8762 
8957 
4215 
6272 
1769 
272 
9888 
9338 
4495 
3825 
5749 
7662 
9278 
2875 
113 
5595 
3504 
7089 
3814 
5452 
9650 
2912 
1112 
2547 
1264 
6651 
1995 
6374 
4523 
4581 
6147 
8401 
9217 
1228 
5679 
5772 
8283 
6031 
5269 
4709 
9603 
1643 
6877 
8097 
1009 
9773 
6233 
716 
1862 
2783 
7636 
8576 
3935 
8719 
7796 
2889 
491 
5794 
8877 
2055 
7994 
8235 
4735 
298 
583 
8278 
5896 
1624 
6364 
4253 
7298 
9457 
7708 
513 
6388 
4901 
4780 
1513 
3367 
3390 
4011 
764 
3158 
7754 
1755 
9901 
9689 
3965 
9529 
9652 
2966 
2570 
1885 
3404 
4389 
963 
8531 
2720 
5935 
2677 
4774 
1351 
9000 
5376 
7598 
7550 
6254 
1283 
7164 
5839 
85 
4839 
3106 
6350 
3875 
7099 
4084 
2735 
6340 
3605 
9816 
7394 
2042 
7643 
8765 
9038 
6402 
5279 
4979 
6886 
8340 
7570 
6794 
5856 
544 
7225 
7486 
4526 
4662 
8334 
7408 
2420 
7842 
4131 
4004 
575 
8062 
64 
4272 
7811 
3294 
1419 
829 
4913 
5104 
254 
9402 
6223 
446 
4579 
6093 
6943 
9879 
9095 
7941 
6804 
6126 
7834 
3915 
8179 
3223 
9509 
9112 
8400 
9190 
499 
6010 
4702 
9414 
6547 
9194 
607 
8926 
3378 
3687 
2023 
7130 
4921 
5320 
6086 
6754 
4776 
1405 
451 
4714 
9738 
5288 
5222 
3440 
5361 
7193 
6622 
1212 
5247 
4115 
3572 
8925 
3351 
2958 
2354 
6060 
6052 
5836 
4 
2652 
4099 
3140 
7268 
8647 
5852 
436 
4309 
8810 
246 
9186 
391 
3094 
6026 
5134 
1064 
1251 
6300 
2525 
670 
620 
9277 
2848 
9391 
5926 
2434 
8220 
4330 
9377 
5548 
2235 
2847 
9364 
5197 
2765 
7150 
5461 
9893 
9473 
8140 
2170 
1092 
2007 
6698 
3264 
609 
8980 
4836 
3025 
4163 
4868 
3889 
7477 
4283 
8108 
1306 
7785 
2592 
2479 
9435 
7114 
4489 
3663 
1375 
9648 
2858 
9661 
3209 
9131 
8913 
3027 
4217 
6326 
3227 
9617 
2021 
7076 
3463 
5982 
3946 
9016 
5808 
9255 
2254 
3360 
3201 
8915 
3081 
5675 
5664 
5367 
7355 
989 
9233 
1660 
7336 
476 
5389 
7949 
7020 
1951 
5186 
2468 
9138 
9102 
8130 
1900 
3809 
5317 
6005 
4567 
5769 
8202 
3844 
6262 
1499 
2989 
3191 
8645 
5798 
8985 
4971 
6670 
2508 
211 
8241 
4897 
4672 
8604 
4691 
9117 
8535 
2828 
8851 
1353 
9054 
6834 
6936 
9690 
3992 
251 
9321 
4036 
1439 
1369 
9486 
8491 
1640 
6796 
5910 
2002 
6563 
9626 
2264 
3630 
484 
5605 
3774 
4372 
504 
6145 
8347 
7759 
1890 
3539 
8034 
9315 
3874 
7072 
3355 
3066 
5270 
4736 
325 
1312 
7947 
6966 
493 
5848 
328 
1393 
127 
5973 
3703 
2455 
8787 
9632 
2426 
8004 
8505 
2018 
6995 
1276 
6975 
736 
2402 
7356 
1016 
9962 
1329 
8406 
9352 
4873 
4024 
1115 
2628 
3451 
5658 
5205 
2981 
2975 
2813 
8446 
425 
4012 
791 
3887 
7423 
2825 
8770 
9173 
40 
3624 
322 
1231 
5760 
7959 
7290 
9241 
1876 
3161 
7835 
3942 
8908 
2892 
572 
7981 
7884 
5265 
4601 
6687 
2967 
2597 
2614 
3073 
5459 
9839 
8015 
8802 
30 
3354 
3039 
4541 
5067 
9262 
2443 
8463 
884 
6398 
5171 
2063 
8210 
4060 
2087 
8858 
1542 
4150 
4517 
4419 
1773 
380 
2797 
8014 
8775 
9308 
3685 
1969 
5672 
5583 
3180 
8348 
7786 
2619 
3208 
9104 
8184 
3358 
3147 
7457 
3743 
3535 
7926 
6399 
5198 
2792 
7879 
5130 
956 
8342 
7624 
8252 
5194 
2684 
4963 
6454 
6683 
2859 
9688 
3938 
8800 
9983 
1896 
3701 
2401 
7329 
287 
286 
259 
9537 
9868 
8798 
9929 
438 
4363 
261 
9591 
1319 
8136 
2062 
8183 
3331 
2418 
7788 
2673 
4666 
8442 
317 
1096 
2115 
9614 
1940 
4889 
4456 
2772 
7339 
557 
7576 
6956 
223 
8565 
3638 
700 
1430 
1126 
2925 
1463 
2017 
6968 
547 
7306 
9673 
3533 
7872 
4941 
5860 
652 
134 
6162 
8806 
138 
6270 
1715 
8821 
543 
7198 
6757 
4857 
3592 
9465 
7924 
6345 
3740 
3454 
5739 
7392 
1988 
6185 
9427 
6898 
8664 
6311 
2822 
8689 
6986 
1033 
414 
3715 
2779 
7528 
5660 
5259 
4439 
2313 
4953 
6184 
9400 
6169 
8995 
5241 
3953 
9205 
904 
6938 
9744 
5450 
9596 
1454 
1774 
407 
3526 
7683 
9845 
8177 
3169 
8051 
9774 
6260 
1445 
1531 
3853 
6505 
8060 
10 
2814 
8473 
1154 
3681 
1861 
2756 
6907 
8907 
2865 
9850 
8312 
6814 
6396 
5117 
605 
8872 
1920 
4349 
9890 
9392 
5953 
3163 
7889 
5400 
8246 
5032 
8317 
6949 
34 
3462 
5955 
3217 
9347 
4738 
379 
2770 
7285 
9106 
8238 
4816 
2485 
9597 
1481 
2503 
76 
4596 
6552 
9329 
4252 
7271 
8728 
8039 
9450 
7519 
5417 
8705 
7418 
2690 
5125 
821 
4697 
9279 
2902 
842 
5264 
4574 
5958 
3298 
1527 
3745 
3589 
9384 
5737 
7338 
530 
6847 
7287 
9160 
9696 
4154 
4625 
7335 
449 
4660 
8280 
5950 
3082 
5702 
6393 
5036 
8425 
9865 
8717 
7742 
1431 
1153 
3654 
1132 
3087 
5837 
31 
3381 
3768 
4210 
6137 
8131 
1927 
4538 
4986 
7075 
3436 
5253 
4277 
7946 
6939 
9771 
6179 
9265 
2524 
643 
9898 
9608 
1778 
515 
6442 
6359 
4118 
3653 
1105 
2358 
6168 
8968 
4512 
4284 
8135 
2035 
7454 
3662 
1348 
8919 
3189 
8591 
4340 
9647 
2831 
8932 
3540 
8061 
37 
3543 
8142 
2224 
2550 
1345 
8838 
1002 
9584 
1130 
3033 
4379 
693 
1241 
6030 
5242 
3980 
9934 
573 
8008 
8613 
4934 
5671 
5556 
2451 
8679 
6716 
3750 
3724 
3022 
4082 
2681 
4882 
4267 
7676 
9656 
3074 
5486 
561 
7684 
9872 
8906 
2838 
9121 
8643 
5744 
7527 
5633 
4530 
4770 
1243 
6084 
6700 
3318 
2067 
8318 
6976 
763 
3131 
7025 
2086 
8831 
813 
4481 
3447 
5550 
2289 
4305 
8702 
7337 
503 
6118 
7618 
8090 
820 
4670 
8550 
3233 
9779 
6395 
5090 
9883 
9203 
850 
5480 
399 
3310 
1851 
2486 
9624 
2210 
2172 
1146 
3465 
6036 
5404 
8354 
7948 
6993 
1222 
5517 
1398 
262 
9618 
2048 
7805 
3132 
7052 
2815 
8500 
1883 
3350 
2931 
1625 
6391 
4982 
6967 
520 
6577 
10004 
2463 
9003 
5457 
9785 
6557 
9464 
7897 
5616 
4071 
2384 
6870 
7908 
5913 
2083 
8750 
8633 
5474 
237 
8943 
3837 
6073 
6403 
5306 
5708 
6555 
9410 
6439 
6278 
1931 
4646 
7902 
5751 
7716 
729 
2213 
2253 
3333 
2472 
9246 
2011 
6806 
6180 
9292 
3253 
312 
961 
8477 
1262 
6597 
537 
7036 
2383 
6843 
7179 
6244 
1013 
9881 
9149 
9399 
6142 
8266 
5572 
2883 
329 
1420 
856 
5642 
4773 
1324 
8271 
5707 
6528 
8681 
6770 
5208 
3062 
5162 
1820 
1649 
7039 
2464 
9030 
6186 
9454 
7627 
8333 
7381 
1691 
8173 
3061 
5135 
1091 
1980 
5969 
3595 
9546 
104 
5352 
6950 
61 
4191 
5624 
4287 
8216 
4222 
6461 
6872 
7962 
7371 
1421 
883 
6371 
4442 
2394 
7140 
5191 
2603 
2776 
7447 
3473 
6252 
1229 
5706 
6501 
7952 
7101 
4138 
4193 
5678 
5745 
7554 
6362 
4199 
5840 
112 
5568 
2775 
7420 
2744 
6583 
159 
6837 
7017 
1870 
2999 
3461 
5928 
2488 
9678 
3668 
1510 
3286 
1203 
5004 
7561 
6551 
9302 
3523 
7602 
7658 
9170 
9966 
1437 
1315 
8028 
9153 
9507 
9058 
6942 
9852 
8366 
8272 
5734 
7257 
8350 
7840 
4077 
2546 
1237 
5922 
2326 
5304 
5654 
5097 
65 
4299 
8540 
2963 
2489 
9705 
4397 
1179 
4356 
72 
4488 
3636 
646 
9979 
1788 
785 
3725 
3049 
4811 
2350 
5952 
3136 
7160 
5731 
7176 
6163 
8833 
867 
5939 
2785 
7690 
27 
3273 
852 
5534 
1857 
2648 
3991 
224 
8592 
4367 
369 
2500 
10002 
2409 
7545 
6119 
7645 
8819 
489 
5740 
7419 
2717 
5854 
490 
5767 
8148 
2386 
6924 
9366 
5251 
4223 
6488 
7601 
7631 
8441 
290 
367 
2446 
8544 
3071 
5405 
8381 
8677 
6662 
2292 
4386 
882 
6344 
3713 
2725 
6070 
6322 
3119 
6701 
3345 
2796 
7987 
8046 
9639 
2615 
3100 
6188 
9508 
9085 
7671 
9521 
9436 
7141 
5218 
3332 
2445 
8517 
2342 
5736 
7311 
9808 
7178 
6217 
284 
205 
8079 
523 
6658 
2184 
1470 
2206 
2064 
8237 
4789 
1756 
9928 
411 
3634 
592 
8521 
2450 
8652 
5987 
4081 
2654 
4153 
4598 
6606 
780 
3590 
9411 
6466 
7007 
1600 
5716 
6771 
5235 
3791 
4831 
2890 
518 
6523 
8546 
3125 
6863 
7719 
810 
4400 
1260 
6543 
9086 
7698 
243 
9105 
8211 
4087 
2816 
8527 
2612 
3019 
4001 
494 
5875 
1057 
1062 
1197 
4842 
3187 
8537 
2882 
302 
691 
1187 
4572 
5904 
1840 
2189 
1605 
5851 
409 
3580 
9141 
9183 
310 
907 
7019 
1924 
4457 
2799 
8068 
226 
8646 
5825 
9714 
4640 
7740 
1377 
9702 
4316 
8999 
5349 
6869 
7881 
5184 
2414 
7680 
9764 
5990 
4162 
4841 
3160 
7808 
3213 
9239 
1822 
1703 
8497 
1802 
1163 
3924 
8422 
9784 
6530 
8735 
8228 
4546 
5202 
2900 
788 
3806 
5236 
3818 
5560 
2559 
1588 
5392 
8030 
9207 
958 
8396 
9082 
7590 
7334 
422 
3931 
8611 
4880 
4213 
6218 
311 
934 
7748 
1593 
5527 
1668 
7552 
6308 
2741 
6502 
7979 
7830 
3807 
5263 
4547 
5229 
3629 
457 
4876 
4105 
3302 
1635 
6661 
2265 
3657 
1213 
5274 
4844 
3241 
9995 
2220 
2442 
8436 
155 
6729 
4101 
3194 
8726 
7985 
7992 
8181 
3277 
960 
8450 
533 
6928 
9474 
8167 
2899 
761 
3077 
5567 
2748 
6691 
3075 
5513 
1290 
7353 
935 
7775 
2322 
5196 
2738 
6421 
5792 
8823 
597 
8656 
6095 
6997 
1330 
8433 
74 
4542 
5094 
9991 
2112 
9533 
9760 
5882 
1246 
6165 
8887 
2325 
5277 
4925 
5428 
9002 
5430 
9056 
6888 
8394 
9028 
6132 
7996 
8289 
6193 
9643 
2723 
6016 
4864 
3781 
4561 
5607 
3828 
5830 
9849 
8285 
6085 
6727 
4047 
1736 
9388 
5845 
247 
9213 
1120 
2763 
7096 
4003 
548 
7333 
395 
3202 
8942 
3810 
5344 
6734 
4236 
6839 
7071 
3328 
2337 
5601 
3666 
1456 
1828 
1865 
2864 
9823 
7583 
7145 
5326 
6248 
1121 
2790 
7825 
3672 
1618 
6202 
9886 
9284 
3037 
4487 
3609 
9924 
303 
718 
1916 
4241 
6974 
709 
1673 
7687 
9953 
1086 
1845 
2324 
5250 
4196 
5759 
7932 
6561 
9572 
806 
4292 
8351 
7867 
4806 
2215 
2307 
4791 
1810 
1379 
9756 
5774 
8337 
7489 
4607 
6849 
7341 
611 
9034 
6294 
2363 
6303 
2606 
2857 
9634 
2480 
9462 
7843 
4158 
4733 
244 
9132 
8940 
3756 
3886 
7396 
2096 
9101 
8103 
1171 
4140 
4247 
7136 
5083 
9694 
4100 
3167 
7997 
8316 
6922 
9312 
3793 
4885 
4348 
9863 
8663 
6284 
2093 
9020 
5916 
2164 
930 
7640 
8684 
6851 
7395 
2069 
8372 
8434 
101 
5271 
4763 
1054 
981 
9017 
5835 
9984 
1923 
4430 
2070 
8399 
9163 
9777 
6341 
3632 
538 
7063 
3112 
6512 
8249 
5113 
497 
5956 
3244 
69 
4407 
1449 
1639 
6769 
5181 
2333 
5493 
750 
2780 
7555 
6389 
4928 
5509 
1182 
4437 
2259 
3495 
6846 
7260 
8431 
20 
3084 
5756 
7851 
4374 
558 
7603 
7685 
9899 
9635 
2507 
184 
7512 
5228 
3602 
9735 
5207 
3035 
4433 
2151 
579 
8170 
2980 
2948 
2084 
8777 
9362 
5143 
1307 
7812 
3321 
2148 
498 
5983 
3973 
9745 
5477 
318 
1123 
2844 
9283 
3010 
3758 
3940 
8854 
1434 
1234 
5841 
139 
6297 
2444 
8490 
1613 
6067 
6241 
932 
7694 
135 
6189 
9535 
9814 
7340 
584 
8305 
6625 
1293 
7434 
3122 
6782 
5532 
1803 
1190 
4653 
8091 
847 
5399 
8219 
4303 
8648 
5879 
1165 
3978 
9880 
9122 
8670 
6473 
7196 
6703 
3399 
4254 
7325 
179 
7377 
1583 
5257 
4385 
855 
5615 
4044 
1655 
7201 
6838 
7044 
2599 
2668 
4531 
4797 
1972 
5753 
7770 
2187 
1551 
4393 
1071 
1440 
1396 
208 
8160 
2710 
5665 
5394 
8084 
658 
296 
529 
6820 
6558 
9491 
8626 
5285 
5141 
1253 
6354 
3983 
8 
2760 
7015 
1816 
1541 
4123 
3788 
4750 
703 
1511 
3313 
1932 
4673 
8631 
5420 
8786 
9605 
1697 
8335 
7435 
3149 
7511 
5201 
2873 
59 
4137 
4166 
4949 
6076 
6484 
7493 
4715 
9765 
6017 
4891 
4510 
4230 
6677 
2697 
5314 
5924 
2380 
6762 
4992 
7237 
7810 
3267 
690 
1160 
3843 
6235 
770 
3320 
2121 
9776 
6314 
2903 
869 
5993 
4243 
7028 
2167 
1011 
9827 
7691 
54 
4002 
521 
6604 
726 
2132 
66 
4326 
9269 
2632 
3559 
8574 
3881 
7261 
8458 
749 
2753 
6826 
6720 
3858 
6640 
1698 
8362 
8164 
2818 
8581 
4070 
2357 
6141 
8239 
4843 
3214 
9266 
2551 
1372 
9567 
671 
647 
10006 
2517 
454 
4795 
1918 
4295 
8432 
47 
3813 
5425 
8921 
3243 
42 
3678 
1780 
569 
7900 
5697 
6258 
1391 
73 
4515 
4365 
315 
1042 
657 
269 
9807 
7151 
5488 
615 
9142 
9210 
1039 
576 
8089 
793 
3941 
8881 
2163 
903 
6911 
9015 
5781 
8526 
2585 
2290 
4332 
9431 
7006 
1573 
4987 
7102 
4165 
4922 
5347 
6815 
6423 
5846 
274 
9942 
789 
3833 
5965 
3487 
6630 
1428 
1072 
1467 
2125 
9884 
9230 
1579 
5149 
1469 
2179 
1335 
8568 
3719 
2887 
437 
4336 
9539 
9922 
249 
9267 
2578 
2101 
9236 
1741 
9523 
9490 
8599 
4556 
5472 
183 
7485 
4499 
3933 
8665 
6338 
3551 
8358 
8056 
9909 
9905 
9797 
6881 
8205 
3925 
8449 
506 
6199 
9805 
7097 
4030 
1277 
7002 
1465 
2071 
8426 
9892 
9446 
7411 
2501 
22 
3138 
7214 
7189 
6514 
8303 
6571 
9842 
8096 
982 
9044 
6564 
9653 
2993 
3299 
1554 
4474 
3258 
447 
4606 
6822 
6612 
942 
7964 
7425 
2879 
221 
8511 
2180 
1362 
9297 
3388 
3957 
9313 
3820 
5614 
4017 
926 
7532 
5768 
8175 
3115 
6593 
429 
4120 
3707 
2563 
1696 
8308 
6706 
3480 
6441 
6332 
3389 
3984 
35 
3489 
6684 
2886 
410 
3607 
9870 
8852 
1380 
9783 
6503 
8006 
8559 
3476 
6333 
3416 
4713 
9711 
4559 
5553 
2370 
6492 
7709 
540 
7117 
4570 
5850 
382 
2851 
9472 
8113 
1441 
1423 
937 
7829 
3780 
4534 
4878 
4159 
4760 
973 
8801 
3 
2625 
3370 
3471 
6198 
9778 
6368 
4361 
207 
8133 
1981 
5996 
4324 
9215 
1174 
4221 
6434 
6143 
8293 
6301 
2552 
1399 
289 
340 
1717 
8875 
2001 
6536 
8897 
2595 
2560 
1615 
6121 
7699 
270 
9834 
7880 
5157 
1685 
8011 
8694 
7121 
4678 
8766 
9065 
7131 
4948 
6049 
5755 
7824 
3645 
889 
6533 
8816 
408 
3553 
8412 
9514 
9247 
2038 
7535 
5849 
355 
2122 
9803 
7043 
2572 
1939 
4862 
3727 
3103 
6269 
1688 
8092 
874 
6128 
7888 
5373 
7517 
5363 
7247 
8080 
550 
7387 
1853 
2540 
1075 
1548 
4312 
8891 
2433 
8193 
3601 
9708 
4478 
3366 
3363 
3282 
1095 
2088 
8885 
2271 
3819 
5587 
3288 
1257 
6462 
6899 
8691 
7040 
2491 
9759 
5855 
517 
6496 
7817 
3456 
5793 
8850 
1326 
8325 
7165 
5866 
814 
4508 
4176 
5219 
3359 
3174 
8186 
3412 
4605 
6795 
5883 
1273 
6894 
8556 
3395 
4146 
4409 
1503 
3097 
6107 
7321 
71 
4461 
2907 
977 
8909 
2919 
1301 
7650 
8954 
4134 
4085 
2762 
7069 
3274 
879 
6263 
1526 
3718 
2860 
9715 
4667 
8469 
1046 
765 
3185 
8483 
1424 
964 
8558 
3449 
5604 
3747 
3643 
835 
5075 
9478 
8275 
5815 
9444 
7357 
1043 
684 
998 
9476 
8221 
4357 
99 
5217 
3305 
1716 
8848 
1272 
6867 
7827 
3726 
3076 
5540 
2019 
7022 
2005 
6644 
1806 
1271 
6840 
7098 
4057 
2006 
6671 
2535 
940 
7910 
5967 
3541 
8088 
766 
3212 
9212 
1093 
2034 
7427 
2933 
1679 
7849 
4320 
9107 
8265 
5545 
2154 
660 
350 
1987 
6158 
8698 
7229 
7594 
7442 
3338 
2607 
2884 
356 
2149 
525 
6712 
3642 
808 
4346 
9809 
7205 
6946 
9960 
1275 
6948 
7 
2733 
6286 
2147 
471 
5254 
4304 
8675 
6608 
834 
5048 
8749 
8606 
4745 
568 
7873 
4968 
6589 
321 
1204 
5031 
8290 
6220 
365 
2392 
7086 
3733 
3265 
636 
9709 
4505 
4095 
3032 
4352 
9971 
1572 
4960 
6373 
4496 
3852 
6478 
7331 
341 
1744 
9604 
1670 
7606 
7766 
2079 
8642 
5717 
6798 
5964 
3460 
5901 
1759 
2 
2598 
2641 
3802 
5128 
902 
6884 
8286 
6112 
7456 
3716 
2806 
8257 
5329 
6329 
3308 
1797 
1028 
279 
70 
4434 
2178 
1308 
7839 
4050 
1817 
1568 
4852 
3457 
5820 
9579 
995 
9395 
6034 
5350 
6896 
8610 
4853 
3484 
6549 
9248 
2065 
8264 
5518 
1425 
991 
9287 
3118 
6674 
2616 
3127 
6917 
9177 
148 
6540 
9005 
5511 
1236 
5895 
1597 
5635 
4584 
6228 
581 
8224 
4438 
2286 
4224 
6515 
8330 
7300 
9511 
9166 
9858 
8528 
2639 
3748 
3670 
1564 
4744 
541 
7144 
5299 
5519 
1452 
1720 
8956 
4188 
5543 
2100 
9209 
1012 
9854 
8420 
9730 
5072 
9397 
6088 
6808 
6234 
743 
2591 
2452 
8706 
7445 
3419 
4794 
1891 
3566 
8763 
8984 
4944 
5941 
2839 
9148 
9372 
5413 
8597 
4502 
4014 
845 
5345 
6761 
4965 
6508 
8141 
2197 
1821 
1676 
7768 
2133 
93 
5055 
8938 
3702 
2428 
8058 
9963 
1356 
9135 
9021 
5943 
2893 
599 
8710 
7553 
6335 
3470 
6171 
9049 
6699 
3291 
1338 
8649 
5906 
1894 
3647 
943 
7991 
8154 
2548 
1291 
7380 
1664 
7444 
3392 
4065 
2222 
2496 
9894 
9500 
8869 
1839 
2162 
876 
6182 
9346 
4711 
9657 
3101 
6215 
230 
8754 
8741 
8390 
8920 
3216 
9320 
4009 
710 
1700 
8416 
9622 
2156 
714 
1808 
1325 
8298 
6436 
6197 
9751 
5639 
4692 
9144 
9264 
2497 
9921 
222 
8538 
2909 
1031 
360 
2257 
3441 
5388 
7922 
6291 
2282 
4116 
3599 
9654 
3020 
4028 
1223 
5544 
2127 
9938 
681 
917 
7289 
9214 
1147 
3492 
6765 
5073 
9424 
6817 
6477 
7304 
9619 
2075 
8534 
2801 
8122 
1684 
7984 
7965 
7452 
3608 
9897 
9581 
1049 
846 
5372 
7490 
4634 
7578 
7010 
1681 
7903 
5778 
8445 
398 
3283 
1122 
2817 
8554 
3341 
2688 
5071 
9370 
5359 
7139 
5164 
1874 
3107 
6377 
4604 
6768 
5154 
1604 
5824 
9687 
3911 
8071 
307 
826 
4832 
2917 
1247 
6192 
9616 
1994 
6347 
3794 
4912 
5077 
9532 
9733 
5153 
1577 
5095 
11 
2841 
9202 
823 
4751 
730 
2240 
2982 
3002 
3542 
8115 
1495 
2881 
275 
9969 
1518 
3502 
7035 
2356 
6114 
7510 
5174 
2144 
390 
3067 
5297 
5465 
10001 
2382 
6816 
6450 
6575 
9950 
1005 
9665 
3317 
2040 
7589 
7307 
9700 
4262 
7541 
6011 
4729 
136 
6216 
257 
9483 
8410 
9460 
7789 
2700 
5395 
8111 
1387 
9972 
1599 
5689 
6042 
5566 
2721 
5962 
3406 
4443 
2421 
7869 
4860 
3673 
1645 
6931 
9555 
347 
1906 
3971 
9691 
4019 
980 
8990 
5106 
308 
853 
5561 
2586 
2317 
5061 
9100 
8076 
442 
4471 
3177 
8267 
5599 
3612 
10005 
2490 
9732 
5126 
848 
5426 
8948 
3972 
9718 
4748 
649 
53 
3975 
9799 
6935 
9663 
3263 
582 
8251 
5167 
1955 
5294 
5384 
7814 
3375 
3606 
9843 
8123 
1711 
8713 
7634 
8522 
2477 
9381 
5656 
5151 
1523 
3637 
673 
701 
1457 
1855 
2594 
2533 
886 
6452 
6629 
1401 
343 
1798 
1055 
1008 
9746 
5504 
1047 
792 
3914 
8152 
2494 
9840 
8042 
9531 
9706 
4424 
1908 
4025 
1142 
3357 
3120 
6728 
4074 
2465 
9057 
6915 
9123 
8697 
7202 
6865 
7773 
2268 
3738 
3400 
4281 
8054 
9855 
8447 
452 
4741 
460 
4957 
6292 
2309 
4845 
3268 
717 
1889 
3512 
7305 
9646 
2804 
8203 
3871 
6991 
1168 
4059 
2060 
8129 
1873 
3080 
5648 
4935 
5698 
6285 
2120 
9749 
5585 
3234 
9806 
7124 
4759 
946 
8072 
334 
1555 
4501 
3987 
116 
5676 
5691 
6096 
7024 
2059 
8102 
1144 
3411 
4578 
6066 
6214 
203 
8025 
9072 
7320 
44 
3732 
3238 
9914 
33 
3435 
5226 
3548 
8277 
5869 
895 
6695 
3183 
8429 
9973 
1626 
6418 
5711 
6636 
1590 
5446 
9488 
8545 
3098 
6134 
8050 
9747 
5531 
1776 
461 
4984 
7021 
1978 
5915 
2137 
201 
7971 
7614 
7982 
7911 
5994 
4270 
7757 
1836 
2081 
8696 
7175 
6136 
8104 
1198 
4869 
3916 
8206 
3952 
9178 
175 
7269 
8674 
6581 
105 
5379 
7679 
9737 
5261 
4493 
3771 
4291 
8324 
7138 
5137 
1145 
3438 
5307 
5735 
7284 
9079 
7509 
5147 
1415 
721 
1997 
6428 
5981 
3919 
8287 
6139 
8185 
3385 
3876 
7126 
4813 
2404 
7410 
2474 
9300 
3469 
6144 
8320 
7030 
2221 
2469 
9165 
9831 
7799 
2970 
2678 
4801 
2080 
8669 
6446 
6467 
7034 
2329 
5385 
7841 
4104 
3275 
906 
6992 
1195 
4788 
1729 
9199 
742 
2564 
1723 
9037 
6375 
4550 
5310 
5816 
9471 
8086 
712 
1754 
9874 
8960 
4296 
8459 
776 
3482 
6495 
7790 
2727 
6124 
7780 
2457 
8841 
1083 
1764 
137 
6243 
986 
9152 
9480 
8329 
7273 
8782 
9497 
8788 
9659 
3155 
7673 
9575 
887 
6479 
7358 
1070 
1413 
667 
539 
7090 
3841 
6181 
9319 
3982 
9988 
2031 
7346 
746 
2672 
4639 
7713 
648 
26 
3246 
123 
5865 
787 
3779 
4507 
4149 
4490 
3690 
2104 
9317 
3928 
8530 
2693 
5206 
3008 
3704 
2482 
9516 
9301 
3496 
6873 
7989 
8100 
1090 
1953 
5240 
3926 
8476 
1235 
5868 
868 
5966 
3514 
7359 
1097 
2142 
336 
1609 
5959 
3325 
2256 
3414 
4659 
8253 
5221 
3413 
4632 
7524 
5552 
2343 
5763 
8040 
9477 
8248 
5086 
9775 
6287 
2174 
1200 
4923 
5374 
7544 
6092 
6916 
9150 
9426 
6871 
7935 
6642 
1752 
9820 
7502 
4958 
6319 
3038 
4514 
4338 
9593 
1373 
9594 
1400 
316 
1069 
1386 
9945 
870 
6020 
4972 
6697 
3237 
9887 
9311 
3766 
4156 
4679 
8793 
9794 
6800 
6018 
4918 
5239 
3899 
7747 
1566 
4798 
1999 
6482 
7439 
3257 
420 
3877 
7153 
5542 
2073 
8480 
1343 
8784 
9551 
239 
8997 
5295 
5411 
8543 
3044 
4676 
8712 
7607 
7793 
2808 
8311 
6787 
5667 
5448 
9542 
10003 
2436 
8274 
5788 
8715 
7688 
9980 
1815 
1514 
3394 
4119 
3680 
1834 
2027 
7238 
7837 
3996 
359 
2230 
2712 
5719 
6852 
7422 
2798 
8041 
9504 
8977 
4755 
838 
5156 
1658 
7282 
9025 
6051 
5809 
9282 
2983 
3029 
4271 
7784 
2565 
1750 
9766 
6044 
5620 
4179 
5300 
5546 
2181 
1389 
19 
3057 
5027 
8182 
3304 
1689 
8119 
1603 
5797 
8958 
4242 
7001 
1438 
1342 
8757 
8822 
570 
7927 
6426 
5927 
2461 
8949 
3999 
440 
4417 
1719 
8929 
3459 
5874 
1030 
333 
1528 
3772 
4318 
9053 
6807 
6207 
14 
2922 
1382 
9837 
7961 
7344 
692 
1214 
5301 
5573 
2910 
1058 
1089 
1926 
4511 
4257 
7406 
2366 
6384 
4793 
1864 
2837 
9094 
7914 
6075 
6457 
6764 
5046 
8695 
7148 
5407 
8435 
128 
6000 
4432 
2124 
9857 
8501 
1910 
4079 
2600 
2695 
5260 
4466 
3042 
4622 
7254 
8269 
5653 
5070 
9343 
4630 
7470 
4094 
3005 
3623 
295 
502 
6091 
6889 
8421 
9757 
5801 
9066 
7158 
5677 
5718 
6825 
6693 
3129 
6971 
628 
9493 
8680 
6743 
4479 
3393 
4092 
2951 
2165 
957 
8369 
8353 
7921 
6264 
1553 
4447 
2529 
778 
3536 
7953 
7128 
4867 
3862 
6748 
4614 
7038 
2437 
8301 
6517 
8384 
8758 
8849 
1299 
7596 
7496 
4796 
1945 
5024 
8101 
1117 
2682 
4909 
4996 
7345 
719 
1943 
4970 
6643 
1779 
542 
7171 
6028 
5188 
2522 
589 
8440 
263 
9645 
2777 
7474 
4202 
5921 
2299 
4575 
5985 
4027 
1196 
4815 
2458 
8868 
1812 
1433 
1207 
5112 
470 
5227 
3575 
9006 
5538 
1965 
5564 
2667 
4504 
4068 
2303 
4683 
8901 
2703 
5476 
291 
394 
3175 
8213 
4141 
4274 
7865 
4752 
757 
2969 
2651 
4072 
2411 
7599 
7577 
6983 
952 
8234 
4708 
9576 
914 
7208 
7027 
2140 
282 
151 
6621 
1185 
4518 
4446 
2502 
49 
3867 
6883 
8259 
5383 
7787 
2646 
3937 
8773 
9254 
2227 
2631 
3532 
7845 
4212 
6191 
9589 
1265 
6678 
2724 
6043 
5593 
3450 
5631 
4476 
3312 
1905 
3944 
8962 
4350 
9917 
114 
5622 
4233 
6758 
4884 
4321 
9134 
8994 
5214 
3224 
9536 
9841 
8069 
253 
9375 
5494 
777 
3509 
7224 
7459 
3797 
4993 
7264 
8539 
2936 
1760 
29 
3327 
2310 
4872 
3997 
386 
2959 
2381 
6789 
5721 
6906 
8880 
2136 
174 
7242 
7945 
6912 
9042 
6510 
8195 
3655 
1159 
3816 
5506 
1101 
2250 
3252 
285 
232 
8808 
192 
7728 
1053 
954 
8288 
6166 
8914 
3054 
4946 
5995 
4297 
8486 
1505 
3151 
7565 
6659 
2211 
2199 
1875 
3134 
7106 
4273 
7838 
4023 
1088 
1899 
3782 
4588 
6336 
3497 
6900 
8718 
7769 
2160 
822 
4724 
1 
2571 
1912 
4133 
4058 
2033 
7400 
2204 
2010 
6779 
5451 
9623 
2183 
1443 
1477 
2395 
7167 
5920 
2272 
3846 
6316 
2957 
2327 
5331 
6383 
4766 
1135 
3168 
8024 
9045 
6591 
375 
2662 
4369 
423 
3958 
9340 
4549 
5283 
5087 
9802 
7016 
1843 
2270 
3792 
4858 
3619 
187 
7593 
7415 
2609 
2938 
1814 
1487 
2665 
4450 
2610 
2965 
2543 
1156 
3735 
3319 
2094 
9047 
6645 
1833 
2000 
6509 
8168 
2926 
1490 
2746 
6637 
1617 
6175 
9157 
9615 
1967 
5618 
4125 
3842 
6208 
41 
3651 
1051 
900 
6830 
6828 
6774 
5316 
5978 
3838 
6100 
7132 
4975 
6778 
5424 
8894 
2514 
373 
2608 
2911 
1085 
1818 
1595 
5581 
3126 
6890 
8448 
479 
5470 
129 
6027 
5161 
1793 
920 
7370 
1394 
154 
6702 
3372 
3525 
7656 
9116 
8508 
2099 
9182 
283 
178 
7350 
854 
5588 
3315 
1986 
6131 
7969 
7560 
6524 
8573 
3854 
6532 
8789 
9686 
3884 
7342 
638 
9763 
5963 
3433 
5172 
2090 
8939 
3729 
3157 
7727 
1026 
225 
8619 
5096 
38 
3570 
8871 
1893 
3620 
214 
8322 
7084 
3679 
1807 
1298 
7569 
6767 
5127 
875 
6155 
8617 
5042 
8587 
4232 
6731 
4155 
4652 
8064 
118 
5730 
7149 
5434 
9164 
9804 
7070 
3301 
1608 
5932 
2596 
2587 
2344 
5790 
8769 
9146 
9318 
3955 
9259 
2362 
6276 
1877 
3188 
8564 
3611 
9978 
1761 
56 
4056 
1979 
5942 
2866 
9877 
9041 
6483 
7466 
3986 
89 
